Running experiment "quick union"
Runs per batch: 20
===
| timePerConnection                                   | generatedConnections                                | time                                                | 
|=====================================================|=====================================================|=====================================================|
| mean         | mean ratio | stddev.    | CV         | mean         | mean ratio | stddev.    | CV         | mean         | mean ratio | stddev.    | CV         | 
|=====================================================|=====================================================|=====================================================|
| 0.02         | NaN        | 0.07       | 4.47       | 2.20         | Infinity   | 1.36       | 0.62       | 0.10         | NaN        | 0.45       | 4.47       | 
| 0.01         | 0.43       | 0.03       | 4.47       | 6.05         | 2.75       | 2.84       | 0.47       | 0.05         | 0.50       | 0.22       | 4.47       | 
| 0.00         | 0.00       | 0.00       | NaN        | 12.15        | 2.01       | 4.60       | 0.38       | 0.00         | 0.00       | 0.00       | NaN        | 
| 0.00         | NaN        | 0.01       | 4.47       | 28.25        | 2.33       | 11.46      | 0.41       | 0.05         | NaN        | 0.22       | 4.47       | 
| 0.00         | 0.31       | 0.00       | 4.47       | 75.90        | 2.69       | 24.89      | 0.33       | 0.05         | 1.00       | 0.22       | 4.47       | 
| 0.00         | 0.53       | 0.00       | 4.47       | 148.55       | 1.96       | 29.80      | 0.20       | 0.05         | 1.00       | 0.22       | 4.47       | 
| 0.00         | 0.38       | 0.00       | 4.47       | 339.00       | 2.28       | 77.29      | 0.23       | 0.05         | 1.00       | 0.22       | 4.47       | 
| 0.00         | 1.70       | 0.00       | 2.48       | 774.05       | 2.28       | 152.45     | 0.20       | 0.15         | 3.00       | 0.37       | 2.44       | 
| 0.00         | 1.02       | 0.00       | 1.28       | 1762.70      | 2.28       | 320.22     | 0.18       | 0.40         | 2.67       | 0.50       | 1.26       | 
| 0.00         | 1.62       | 0.00       | 0.33       | 4209.50      | 2.39       | 959.99     | 0.23       | 1.55         | 3.88       | 0.60       | 0.39       | 
| 0.00         | 1.70       | 0.00       | 0.12       | 8139.50      | 1.93       | 1087.76    | 0.13       | 5.10         | 3.29       | 0.97       | 0.19       | 
| 0.00         | 2.05       | 0.00       | 0.06       | 17821.05     | 2.19       | 2633.58    | 0.15       | 22.90        | 4.49       | 4.36       | 0.19       | 
| 0.00         | 2.42       | 0.00       | 0.14       | 38824.35     | 2.18       | 5696.40    | 0.15       | 121.55       | 5.31       | 32.94      | 0.27       | 
| 0.01         | 4.36       | 0.00       | 0.05       | 80932.20     | 2.08       | 10984.11   | 0.14       | 1095.55      | 9.01       | 182.77     | 0.17       | 
| 0.04         | 2.63       | 0.00       | 0.05       | 179158.30    | 2.21       | 20877.02   | 0.12       | 6386.45      | 5.83       | 1044.44    | 0.16       | 

Running experiment "quick find"
Runs per batch: 20
===
| timePerConnection                                   | generatedConnections                                | time                                                | 
|=====================================================|=====================================================|=====================================================|
| mean         | mean ratio | stddev.    | CV         | mean         | mean ratio | stddev.    | CV         | mean         | mean ratio | stddev.    | CV         | 
|=====================================================|=====================================================|=====================================================|
| 0.05         | NaN        | 0.22       | 4.47       | 2.15         | Infinity   | 2.01       | 0.93       | 0.05         | NaN        | 0.22       | 4.47       | 
| 0.00         | 0.00       | 0.00       | NaN        | 5.30         | 2.47       | 1.84       | 0.35       | 0.00         | 0.00       | 0.00       | NaN        | 
| 0.00         | NaN        | 0.02       | 4.47       | 12.20        | 2.30       | 3.81       | 0.31       | 0.05         | NaN        | 0.22       | 4.47       | 
| 0.00         | 0.63       | 0.01       | 4.47       | 26.90        | 2.20       | 6.58       | 0.24       | 0.05         | 1.00       | 0.22       | 4.47       | 
| 0.00         | 0.54       | 0.00       | 3.08       | 72.35        | 2.69       | 16.00      | 0.22       | 0.10         | 2.00       | 0.31       | 3.08       | 
| 0.00         | 0.24       | 0.00       | 4.47       | 148.20       | 2.05       | 28.30      | 0.19       | 0.05         | 0.50       | 0.22       | 4.47       | 
| 0.00         | 1.31       | 0.00       | 2.45       | 378.35       | 2.55       | 76.78      | 0.20       | 0.15         | 3.00       | 0.37       | 2.44       | 
| 0.00         | 1.05       | 0.00       | 1.44       | 777.35       | 2.05       | 114.13     | 0.15       | 0.35         | 2.33       | 0.49       | 1.40       | 
| 0.00         | 0.45       | 0.00       | 1.43       | 1670.45      | 2.15       | 270.21     | 0.16       | 0.35         | 1.00       | 0.49       | 1.40       | 
| 0.00         | 0.99       | 0.00       | 0.61       | 3706.05      | 2.22       | 562.25     | 0.15       | 0.75         | 2.14       | 0.44       | 0.59       | 
| 0.00         | 1.71       | 0.00       | 0.25       | 8551.70      | 2.31       | 1481.14    | 0.17       | 2.95         | 3.93       | 0.39       | 0.13       | 
| 0.00         | 1.57       | 0.00       | 0.09       | 18122.65     | 2.12       | 1945.98    | 0.11       | 10.10        | 3.42       | 0.64       | 0.06       | 
| 0.00         | 2.12       | 0.00       | 0.13       | 38967.20     | 2.15       | 5060.54    | 0.13       | 45.85        | 4.54       | 5.50       | 0.12       | 
| 0.00         | 2.03       | 0.00       | 0.11       | 82967.50     | 2.13       | 7853.46    | 0.09       | 198.00       | 4.32       | 9.82       | 0.05       | 
| 0.00         | 1.92       | 0.00       | 0.12       | 182375.15    | 2.20       | 22129.49   | 0.12       | 830.20       | 4.19       | 23.36      | 0.03       | 

Running experiment "weighted quick union"
Runs per batch: 20
===
| timePerConnection                                   | generatedConnections                                | time                                                | 
|=====================================================|=====================================================|=====================================================|
| mean         | mean ratio | stddev.    | CV         | mean         | mean ratio | stddev.    | CV         | mean         | mean ratio | stddev.    | CV         | 
|=====================================================|=====================================================|=====================================================|
| 0.05         | NaN        | 0.22       | 4.47       | 1.65         | Infinity   | 1.09       | 0.66       | 0.05         | NaN        | 0.22       | 4.47       | 
| 0.00         | 0.00       | 0.00       | NaN        | 5.75         | 3.48       | 1.97       | 0.34       | 0.00         | 0.00       | 0.00       | NaN        | 
| 0.00         | NaN        | 0.00       | NaN        | 11.90        | 2.07       | 4.34       | 0.36       | 0.00         | NaN        | 0.00       | NaN        | 
| 0.00         | NaN        | 0.01       | 4.47       | 29.20        | 2.45       | 6.99       | 0.24       | 0.05         | NaN        | 0.22       | 4.47       | 
| 0.00         | 0.00       | 0.00       | NaN        | 63.80        | 2.18       | 10.86      | 0.17       | 0.00         | 0.00       | 0.00       | NaN        | 
| 0.00         | NaN        | 0.00       | NaN        | 149.80       | 2.35       | 28.87      | 0.19       | 0.00         | NaN        | 0.00       | NaN        | 
| 0.00         | NaN        | 0.00       | NaN        | 327.15       | 2.18       | 61.59      | 0.19       | 0.00         | NaN        | 0.00       | NaN        | 
| 0.00         | NaN        | 0.00       | 4.47       | 842.95       | 2.58       | 215.03     | 0.26       | 0.05         | NaN        | 0.22       | 4.47       | 
| 0.00         | 2.09       | 0.00       | 2.08       | 1788.05      | 2.12       | 258.88     | 0.14       | 0.20         | 4.00       | 0.41       | 2.05       | 
| 0.00         | 0.63       | 0.00       | 1.58       | 3931.90      | 2.20       | 595.72     | 0.15       | 0.30         | 1.50       | 0.47       | 1.57       | 
| 0.00         | 0.73       | 0.00       | 1.17       | 8096.85      | 2.06       | 1485.74    | 0.18       | 0.45         | 1.50       | 0.51       | 1.13       | 
| 0.00         | 0.98       | 0.00       | 0.42       | 19721.15     | 2.44       | 2935.26    | 0.15       | 1.05         | 2.33       | 0.51       | 0.49       | 
| 0.00         | 0.82       | 0.00       | 0.23       | 39033.45     | 1.98       | 4437.63    | 0.11       | 1.70         | 1.62       | 0.47       | 0.28       | 
| 0.00         | 0.92       | 0.00       | 0.12       | 83956.50     | 2.15       | 11298.85   | 0.13       | 3.35         | 1.97       | 0.67       | 0.20       | 
| 0.00         | 1.10       | 0.00       | 0.20       | 178582.90    | 2.13       | 16374.17   | 0.09       | 7.85         | 2.34       | 1.60       | 0.20       |