===
Running experiment "quick-find"
Runs per batch: 20
===
| processed connections                                                       | time                                                                        | 
|============================================================================================================================================================
| N             | mean            | mean ratio | stddev.         | CV         | N             | mean            | mean ratio | stddev.         | CV         | 
|============================================================================================================================================================
| 2.00          | 1.65            | Infinity   | 0.81            | 0.49       | 2.00          | 0.30            | NaN        | 1.13            | 3.76       | 
| 4.00          | 4.80            | 2.91       | 1.58            | 0.33       | 4.00          | 0.05            | 0.17       | 0.22            | 4.47       | 
| 8.00          | 11.80           | 2.46       | 3.02            | 0.26       | 8.00          | 0.05            | 1.00       | 0.22            | 4.47       | 
| 16.00         | 28.90           | 2.45       | 8.01            | 0.28       | 16.00         | 0.15            | 3.00       | 0.37            | 2.44       | 
| 32.00         | 70.10           | 2.43       | 21.20           | 0.30       | 32.00         | 0.35            | 2.33       | 0.49            | 1.40       | 
| 64.00         | 135.75          | 1.94       | 24.75           | 0.18       | 64.00         | 0.50            | 1.43       | 0.51            | 1.03       | 
| 128.00        | 297.95          | 2.19       | 46.62           | 0.16       | 128.00        | 2.15            | 4.30       | 0.88            | 0.41       | 
| 256.00        | 808.00          | 2.71       | 191.95          | 0.24       | 256.00        | 5.55            | 2.58       | 2.82            | 0.51       | 
| 512.00        | 1764.30         | 2.18       | 263.38          | 0.15       | 512.00        | 19.65           | 3.54       | 2.66            | 0.14       | 
| 1024.00       | 3631.25         | 2.06       | 696.86          | 0.19       | 1024.00       | 190.20          | 9.68       | 112.44          | 0.59       | 
| 2048.00       | 8537.30         | 2.35       | 1286.81         | 0.15       | 2048.00       | 1257.35         | 6.61       | 375.61          | 0.30       | 
| 4096.00       | 18511.30        | 2.17       | 2195.04         | 0.12       | 4096.00       | 5564.35         | 4.43       | 1064.25         | 0.19       | 
| 8192.00       | 37820.20        | 2.04       | 4368.36         | 0.12       | 8192.00       | 29654.95        | 5.33       | 6214.67         | 0.21       | 

Running experiment "quick-union"
Runs per batch: 20
===
| processed connections                                                       | time                                                                        | 
|============================================================================================================================================================
| N             | mean            | mean ratio | stddev.         | CV         | N             | mean            | mean ratio | stddev.         | CV         | 
|============================================================================================================================================================
| 2.00          | 1.60            | Infinity   | 0.68            | 0.43       | 2.00          | 0.05            | NaN        | 0.22            | 4.47       | 
| 4.00          | 4.60            | 2.88       | 1.88            | 0.41       | 4.00          | 0.00            | 0.00       | 0.00            | NaN        | 
| 8.00          | 13.25           | 2.88       | 4.76            | 0.36       | 8.00          | 0.00            | NaN        | 0.00            | NaN        | 
| 16.00         | 25.00           | 1.89       | 5.30            | 0.21       | 16.00         | 0.05            | NaN        | 0.22            | 4.47       | 
| 32.00         | 72.25           | 2.89       | 23.86           | 0.33       | 32.00         | 0.10            | 2.00       | 0.31            | 3.08       | 
| 64.00         | 142.80          | 1.98       | 29.90           | 0.21       | 64.00         | 0.35            | 3.50       | 0.49            | 1.40       | 
| 128.00        | 334.95          | 2.35       | 38.85           | 0.12       | 128.00        | 1.05            | 3.00       | 0.39            | 0.38       | 
| 256.00        | 837.20          | 2.50       | 176.91          | 0.21       | 256.00        | 4.45            | 4.24       | 1.00            | 0.22       | 
| 512.00        | 1759.40         | 2.10       | 341.31          | 0.19       | 512.00        | 25.55           | 5.74       | 32.71           | 1.28       | 
| 1024.00       | 3758.85         | 2.14       | 617.33          | 0.16       | 1024.00       | 276.70          | 10.83      | 176.34          | 0.64       | 
| 2048.00       | 8478.20         | 2.26       | 1077.56         | 0.13       | 2048.00       | 1451.80         | 5.25       | 358.63          | 0.25       | 
| 4096.00       | 17841.50        | 2.10       | 2146.47         | 0.12       | 4096.00       | 4766.75         | 3.28       | 459.83          | 0.10       | 
| 8192.00       | 38686.85        | 2.17       | 4138.90         | 0.11       | 8192.00       | 26402.85        | 5.54       | 6243.32         | 0.24       | 

Running experiment "weighted quick-union"
Runs per batch: 20
===
| processed connections                                                       | time                                                                        | 
|============================================================================================================================================================
| N             | mean            | mean ratio | stddev.         | CV         | N             | mean            | mean ratio | stddev.         | CV         | 
|============================================================================================================================================================
| 2.00          | 1.70            | Infinity   | 0.73            | 0.43       | 2.00          | 0.05            | NaN        | 0.22            | 4.47       | 
| 4.00          | 5.30            | 3.12       | 1.49            | 0.28       | 4.00          | 0.00            | 0.00       | 0.00            | NaN        | 
| 8.00          | 11.80           | 2.23       | 2.89            | 0.25       | 8.00          | 0.00            | NaN        | 0.00            | NaN        | 
| 16.00         | 27.75           | 2.35       | 5.91            | 0.21       | 16.00         | 0.00            | NaN        | 0.00            | NaN        | 
| 32.00         | 65.00           | 2.34       | 14.83           | 0.23       | 32.00         | 2.00            | NaN        | 8.25            | 4.12       | 
| 64.00         | 147.35          | 2.27       | 26.78           | 0.18       | 64.00         | 0.35            | 0.17       | 0.59            | 1.68       | 
| 128.00        | 388.80          | 2.64       | 114.75          | 0.30       | 128.00        | 1.45            | 4.14       | 0.94            | 0.65       | 
| 256.00        | 819.95          | 2.11       | 167.07          | 0.20       | 256.00        | 4.40            | 3.03       | 0.82            | 0.19       | 
| 512.00        | 1780.20         | 2.17       | 391.90          | 0.22       | 512.00        | 29.90           | 6.80       | 56.59           | 1.89       | 
| 1024.00       | 3677.40         | 2.07       | 456.45          | 0.12       | 1024.00       | 122.70          | 4.10       | 109.74          | 0.89       | 
| 2048.00       | 8245.75         | 2.24       | 1134.43         | 0.14       | 2048.00       | 1207.25         | 9.84       | 584.02          | 0.48       | 
| 4096.00       | 18386.90        | 2.23       | 2929.29         | 0.16       | 4096.00       | 4357.40         | 3.61       | 414.03          | 0.10       | 
| 8192.00       | 39739.00        | 2.16       | 4766.44         | 0.12       | 8192.00       | 28153.40        | 6.46       | 5691.68         | 0.20       |