Running experiment "weighted quick-union"
Runs per batch: 20
===
| time                                                                        | 
|==============================================================================
| N             | mean            | mean ratio | stddev.         | CV         | 
|==============================================================================
| 2.00          | 0.15            | NaN        | 0.67            | 4.47       | 
| 4.00          | 0.00            | 0.00       | 0.00            | NaN        | 
| 8.00          | 0.00            | NaN        | 0.00            | NaN        | 
| 16.00         | 0.00            | NaN        | 0.00            | NaN        | 
| 32.00         | 0.05            | NaN        | 0.22            | 4.47       | 
| 64.00         | 0.05            | 1.00       | 0.22            | 4.47       | 
| 128.00        | 0.00            | 0.00       | 0.00            | NaN        | 
| 256.00        | 0.05            | NaN        | 0.22            | 4.47       | 
| 512.00        | 0.15            | 3.00       | 0.37            | 2.44       | 
| 1024.00       | 0.40            | 2.67       | 0.50            | 1.26       | 
| 2048.00       | 0.70            | 1.75       | 1.56            | 2.23       | 
| 4096.00       | 0.85            | 1.21       | 1.76            | 2.07       | 
| 8192.00       | 1.45            | 1.71       | 1.36            | 0.94       | 
| 16384.00      | 3.00            | 2.07       | 1.12            | 0.37       | 
| 32768.00      | 6.20            | 2.07       | 4.73            | 0.76       | 
| 65536.00      | 15.20           | 2.45       | 8.01            | 0.53       | 
| 131072.00     | 40.80           | 2.68       | 18.93           | 0.46       | 
| 262144.00     | 90.55           | 2.22       | 46.65           | 0.52       | 
| 524288.00     | 230.50          | 2.55       | 113.57          | 0.49       | 
| 1048576.00    | 575.90          | 2.50       | 291.57          | 0.51       | 
| 2097152.00    | 1729.35         | 3.00       | 767.35          | 0.44       | 
| 4194304.00    | 3889.10         | 2.25       | 1601.34         | 0.41       | 

Running experiment "weighted quick-union with path compression"
Runs per batch: 20
===
| time                                                                        | 
|==============================================================================
| N             | mean            | mean ratio | stddev.         | CV         | 
|==============================================================================
| 2.00          | 0.05            | NaN        | 0.22            | 4.47       | 
| 4.00          | 0.05            | 1.00       | 0.22            | 4.47       | 
| 8.00          | 0.00            | 0.00       | 0.00            | NaN        | 
| 16.00         | 0.05            | NaN        | 0.22            | 4.47       | 
| 32.00         | 0.00            | 0.00       | 0.00            | NaN        | 
| 64.00         | 0.05            | NaN        | 0.22            | 4.47       | 
| 128.00        | 0.05            | 1.00       | 0.22            | 4.47       | 
| 256.00        | 0.10            | 2.00       | 0.31            | 3.08       | 
| 512.00        | 0.20            | 2.00       | 0.41            | 2.05       | 
| 1024.00       | 0.45            | 2.25       | 0.51            | 1.13       | 
| 2048.00       | 0.80            | 1.78       | 0.62            | 0.77       | 
| 4096.00       | 0.90            | 1.13       | 1.59            | 1.76       | 
| 8192.00       | 1.00            | 1.11       | 1.03            | 1.03       | 
| 16384.00      | 1.65            | 1.65       | 1.14            | 0.69       | 
| 32768.00      | 13.30           | 8.06       | 44.90           | 3.38       | 
| 65536.00      | 7.45            | 0.56       | 5.37            | 0.72       | 
| 131072.00     | 18.45           | 2.48       | 13.90           | 0.75       | 
| 262144.00     | 52.20           | 2.83       | 49.71           | 0.95       | 
| 524288.00     | 133.85          | 2.56       | 145.09          | 1.08       | 
| 1048576.00    | 439.20          | 3.28       | 362.18          | 0.82       | 
| 2097152.00    | 1092.40         | 2.49       | 754.97          | 0.69       | 
| 4194304.00    | 2536.75         | 2.32       | 1932.33         | 0.76       | 